
Best score: 0.801127
0.224358 0.0381143 0.639618 0.455735 -0.723618 -0.0810507 1 0.173085 1 0.579879 -0.0476943 -0.249887 0.572719 -0.745518 -0.344131 0.436338 0.111156 -0.163762 0.645151 -0.845378 0.552242 0.969513 -1 -0.854129 -0.883255 -0.192447 0.719172 1 0.939369 0.710795 0.576803 0.659453 -0.801263 0.620842 0.607498 -0.544979 -0.139225 0.88846 -0.0969171 0.709564 0.0588331 0.908754 -0.0430261 -1 0.444449 0.402622 -0.595077 -0.667783 -0.0527719 0.790144 1 -0.271827 -0.396649 -0.0549946 0.805375 -1 1 0.670167 -0.000204378 0.283654 0.720556 -0.77594 0.284059 0.59924 -0.67239 -0.40799 0.891022 0.358885 0.525742 -0.106404 0.70792 -0.126609 0.290273 0.520588 0.3643 0.591906 1 -0.0576273 -0.017317 -0.199364 0.542953 0.614238 -0.278489 -0.691307 
Best score: 0.499403
0.0731597 -0.198676 -0.80046 0.957593 -0.599193 0.348163 -0.167324 0.118117 -0.674441 -0.690112 -0.135533 -0.138883 0.597455 -0.324081 -0.931328 0.217935 -0.0313892 0.574931 -0.142387 -0.970691 -1 0.993769 -0.283068 0.346795 0.243213 0.242519 -0.749824 -0.622404 -0.211976 -0.773169 0.45738 0.825087 -0.290196 0.999865 -0.0815943 -0.654337 -0.729223 -0.659449 -0.71932 -0.767129 -0.993647 0.498861 0.0881444 -0.105351 -0.243844 0.0719715 -0.763561 0.371136 -0.726952 -0.526472 0.869014 0.362708 0.267867 0.654692 0.298789 0.484192 -0.0947195 0.30659 -0.169042 0.543509 0.480429 0.595228 -0.990045 -0.339638 0.464325 0.185553 0.486396 0.16543 -0.220493 0.756202 0.0587212 -0.263162 -0.324499 0.814453 0.282954 -0.451271 0.494782 0.295792 0.0983355 -0.0718897 0.0468859 -0.441074 0.227536 -0.959497 
Best score: 0.985279
-0.678655 -0.020704 -1 -0.0918157 -1 -0.693754 -0.588125 0.878996 -0.416811 -0.991937 0.0600839 0.0240543 -0.313743 0.446415 -0.453731 0.622328 -0.290939 0.434143 0.489104 -0.643228 1 0.0377214 -0.093582 0.0470004 -0.252022 -0.664275 0.503767 1 -1 0.172157 -0.688095 0.197061 -0.260343 0.627958 -0.519521 -0.130544 -0.0186029 -0.0550721 0.579413 1 0.0779492 -0.0310995 -0.958269 0.224856 -0.441013 1 0.207512 -0.45233 -0.604267 -1 0.263096 0.441748 0.38615 -0.853015 0.200224 -0.715646 0.0649442 1 0.0347972 0.400243 0.979856 -0.98212 -0.694367 -1 -0.234486 -0.121421 -0.942185 -0.605187 -1 -0.703821 0.593774 0.346095 0.932293 -0.635523 -0.53765 0.425645 -0.912438 0.626988 -0.424591 0.230542 -0.0184851 -0.210061 -0.0497775 -1 
Best score: 0.812118
-0.180976 -0.217632 -0.775497 -0.940507 0.0812357 -0.166441 1 -0.431205 0.789048 -1 1 -0.333513 0.86214 -1 -0.542644 0.32247 0.489764 0.6047 -0.100509 -0.141772 0.510133 -0.375023 0.428175 -1 1 0.0928163 0.99861 -0.478952 -0.506867 -0.254748 -1 -0.535145 0.702995 1 -1 -0.103696 1 0.0358438 -0.45834 -0.888844 0.46724 -0.151107 -0.393792 0.114262 -1 0.182688 -0.848725 0.125653 0.0965241 -0.28859 0.543175 -1 0.522757 -0.956549 0.330466 -0.706974 0.128633 0.555686 0.0718585 0.293872 -0.131488 0.310138 -0.835186 0.714989 0.309055 0.122476 0.821545 -0.345461 0.688114 -0.484283 -1 0.595725 -1 0.345683 -0.443975 -0.00560104 -0.222354 -0.488754 0.120367 0.937491 -0.0697672 0.366999 -0.945654 -0.206025 
Best score: 0.978967
0.00336329 0.0243869 0.616841 -0.950908 0.0335741 0.0410747 -1 -0.34024 0.488143 1 0.25229 0.930832 0.975499 0.197849 0.665216 0.281112 -0.459138 -1 0.134182 0.253571 -0.644642 1 0.171284 -0.226921 0.469479 1 0.829621 0.0729318 -0.129144 -0.331265 0.40936 1 -0.439154 -1 -0.239844 -0.655087 0.320189 0.0340867 -1 -0.140733 1 0.147714 -0.403488 -0.0633271 -0.581253 0.59128 -0.430641 0.35754 -0.875668 0.846632 0.338685 -0.424622 0.817394 -0.525658 -0.552861 -0.498329 0.0606282 0.109927 -0.19832 -0.918168 -0.414599 0.539568 -0.423611 0.566499 -0.304372 -1 0.0429203 0.417237 1 0.0982647 1 0.00170206 0.817279 -1 -0.324273 0.423189 0.150696 -0.0487543 -0.905743 -0.00742731 -0.585538 1 -1 -0.478274 
Best score: 0.999826
-0.0767752 -0.215643 -0.320596 -0.992813 0.994898 0.103331 0.235888 -0.979252 -1 -0.329354 -0.573395 -0.184768 -0.800615 0.907796 -0.453595 0.519215 -1 -0.329182 0.576039 0.184804 -0.319466 -1 0.187294 0.569632 0.175571 -0.204418 0.828472 -0.940092 -0.447694 -0.803475 -0.391925 -0.710558 0.20855 1 0.971855 -0.205281 -0.723855 -0.0789051 -0.634982 -0.0753081 0.299682 0.0413089 -0.909207 -0.10613 0.71171 -0.992978 -0.232818 0.319188 -0.230314 0.318526 0.701118 -0.978996 -0.555496 -0.998745 0.171977 0.32333 -0.0640529 -0.112959 0.563717 0.984713 0.432773 -0.969901 0.86899 0.289257 0.574524 1 -0.316393 -0.553645 -0.987628 0.210685 -0.703499 0.154417 -0.438535 0.769142 0.251443 -0.424739 -0.108775 0.0209192 0.938582 -0.204532 0.454371 -0.789973 0.317782 -0.573897 
Best score: 0.999731
-0.14223 -0.152659 1 0.990344 -0.366135 1 0.900602 0.266725 0.108108 -0.0554071 -0.747477 0.415568 0.530186 0.517017 0.492229 0.487971 0.227495 -1 -0.104926 0.453398 0.182195 -0.796079 0.171743 -0.749664 -1 0.546874 0.449021 -0.252784 -0.554903 -0.105884 -1 -0.191119 -0.0532447 -1 -1 -0.419328 0.816226 0.158299 -0.826531 -0.161497 0.647001 -0.98671 0.152018 -0.224744 -0.390972 -0.516178 -0.692089 -0.950045 0.561881 -0.856505 -0.567725 0.873428 -0.745033 -0.994744 -0.158874 -0.230871 0.615469 -0.665338 -0.45923 0.485648 -1 0.0576178 0.314368 -1 -0.447636 -0.995222 -0.29501 -0.649454 0.98399 0.143002 -0.731353 -0.107946 -0.164381 0.198178 0.948321 -0.999199 0.0706515 0.144969 -0.338506 -0.746945 0.87509 0.125324 0.574616 0.0805637 
Best score: 0.499963
-0.362986 -0.310302 0.98238 0.715422 0.0507359 -0.0486644 0.704838 -0.812956 -0.736454 -0.571132 -0.414319 -0.28382 -0.52385 -0.528311 -0.031743 -0.0196782 -0.371622 0.123052 0.787049 -0.0775552 0.0250796 -0.446717 0.216186 0.998017 -0.990865 1 -0.264897 0.220195 0.263926 0.506274 0.200395 0.46277 -0.201597 -0.425033 0.238743 0.598066 -0.0602665 -0.950599 -0.000845647 -0.849565 0.970383 0.533144 0.940364 0.464187 -0.924543 0.435675 0.0557995 -0.344203 0.243457 0.1735 0.991801 -0.504159 -0.989697 0.479614 1 -0.78408 0.222653 0.298561 -0.498953 0.907036 -0.031413 -0.758019 -0.102956 -0.940682 -0.376668 -0.127285 0.714922 0.272101 -1 -0.352149 0.0418811 -0.0031847 0.19293 -0.975368 -0.235764 0.464507 -0.0918398 0.754047 0.149788 -0.297236 0.319415 0.207507 -0.191186 -0.0865121 
Best score: 0.499965
-0.437191 0.446762 0.659316 -0.642746 -0.925137 1 -0.387599 0.42058 0.604673 0.526149 0.362893 0.329475 -0.123392 -0.10051 0.922354 0.764932 -0.937596 -0.767375 0.0193634 0.0216258 -0.40067 -0.363433 1 0.887562 0.293613 -0.368932 0.306778 -0.382503 0.549605 0.0977517 -0.625413 -0.102262 -0.372705 -0.0270725 0.4375 0.0172376 0.987847 0.967994 0.900411 0.780972 -0.75116 0.733641 -0.743334 0.560014 0.749485 -0.770929 0.700294 -0.615102 0.98878 0.381291 1 0.393582 0.112551 0.752298 -0.0954381 -0.880612 -0.410845 0.996048 -0.165459 0.0820525 1 0.682928 -0.115768 -0.0968457 0.379221 0.150598 0.394883 0.167004 -0.0938889 -0.279232 -0.0768807 0.589918 -0.375311 -0.0872411 0.449762 0.0166989 -0.189324 0.293313 -0.196525 0.338975 -0.0356105 -0.0756557 0.898415 0.911682 
Best score: 0.499965
0.32849 0.416939 0.722406 0.613597 0.206175 -0.338755 -0.435075 0.681482 0.295395 -0.509356 0.24924 -0.385984 -0.59343 0.956603 -0.421471 0.638276 -0.83483 -0.28074 0.0358672 0.224508 0.239108 -0.105261 1 0.506366 0.661572 0.464023 -0.409517 -0.134048 -0.138485 1 -0.0888774 0.618771 0.403807 0.210885 -0.577799 -0.341587 0.114688 -0.975013 0.0307421 1 0.152372 -0.0866629 -0.67474 -0.0481151 -0.924011 -0.221966 -0.572466 -0.127346 0.708714 0.208769 0.461717 0.12256 -0.187866 0.814071 -0.0844241 0.442858 -0.0901745 -0.196733 0.357158 0.683137 0.679001 -0.999396 0.417595 -0.538903 -0.0518212 0.0696251 -0.810728 -0.561408 -1 -0.534752 -0.0628634 0.0367636 1 -0.125549 0.206058 -0.0523005 0.183547 0.993884 0.0032194 0.15009 -0.230976 0.143275 1 -0.522298 
Best score: 0.1603
-0.547903 -0.53416 0.267707 0.0990191 -0.534462 0.274717 -0.237969 -0.213116 -0.244039 0.828994 -0.54577 -0.0232054 0.0708714 -0.981708 -0.11248 -0.120682 -0.0380703 -0.0606681 0.365477 -0.256266 -0.324238 -0.751496 0.200948 -0.206697 -0.252183 -0.239614 0.0898923 0.375732 0.154345 -0.29366 -0.134265 -0.667832 0.558949 0.263767 -0.22819 -0.08998 0.121588 -0.243651 0.372699 -0.319402 0.150078 -0.311937 -0.098939 -0.646274 0.294734 -0.768806 0.143134 0.527363 -0.296974 -0.0266511 -0.71383 0.732754 -0.028206 0.0491281 0.266399 -0.347394 0.109466 0.303779 0.691283 -0.214512 -0.944191 0.0388006 -0.626193 -0.0538324 -0.00406581 -0.0151911 0.270715 0.676343 0.781434 0.139963 0.623009 0.313786 -0.692604 0.14186 -0.105529 -0.590977 0.822074 0.370338 -0.670096 -0.235208 0.999434 0.332741 0.105943 -0.157967 
Best score: 0.178099
-0.187773 -0.471916 -0.204983 -0.266043 0.150823 0.0439699 0.296909 -0.841956 -0.0682551 0.41419 0.418688 -0.495816 0.028499 -0.146383 0.187588 -0.175773 0.667228 -0.011529 -0.473321 0.327032 0.274756 -0.156749 0.198297 0.352172 -0.110698 -1 -0.073885 -0.126049 -0.392209 -0.100209 -0.906431 -0.126384 -0.0127732 0.175634 -0.142181 -0.100049 0.303709 -0.830746 -0.746018 -0.347307 0.67287 0.159641 -0.594133 -0.120234 0.0404451 0.62222 0.33151 -0.129386 0.36569 -0.770356 0.207153 -0.38138 -0.153778 0.223075 -0.652025 0.282684 1 0.697711 0.392374 0.636591 -0.474584 0.260211 -0.400066 0.779977 0.020505 0.659509 -0.528964 -0.19905 -0.00945616 0.98154 -0.445406 -0.106556 0.156421 0.382268 0.8564 -0.436884 0.301797 1 -0.719893 -0.856829 1 -0.141259 -0.971897 -0.0522004 
Best score: 0.187169
-0.318632 -0.270086 -0.794092 -0.189439 -0.582642 -0.333276 0.491276 -0.00916314 -0.0399149 0.667302 -0.845316 0.630489 -0.692426 -0.357381 0.413669 0.699292 -0.164054 0.166216 -0.841058 -0.634375 0.855867 0.0521286 0.637763 0.113343 0.61767 -0.69995 0.26517 0.447662 -0.393011 -0.283524 -0.63837 0.139243 0.858956 -0.261828 0.249222 -0.131748 0.123811 -0.124927 -0.786648 0.739947 -0.0665702 -0.506113 0.168169 -0.332636 0.744464 -0.301991 0.272166 -0.615596 -0.137045 -0.621303 -0.320396 -0.244487 0.229005 0.517552 -0.37101 0.151415 0.67995 0.337227 -0.0737371 -0.0577247 -0.436008 0.431787 0.61743 -0.270182 -0.229007 -0.22775 0.265468 0.254871 0.130135 -0.261391 0.528174 -0.605624 -0.193607 -0.557234 0.0479493 0.323155 0.385737 -0.520586 -0.343279 -0.225871 0.820654 -0.388456 0.340736 0.389022 
Best score: 0.999676
-0.82531 -0.317948 0.139862 0.0537105 0.418288 -0.34198 1 -0.83007 0.600808 0.233227 -0.872791 -0.33533 -0.986225 0.810856 0.167621 -0.125378 0.20388 -0.702197 -0.266614 1 0.817995 -0.0942876 0.112101 -0.953922 -0.105874 0.393821 -0.250458 0.952347 -0.65283 -0.691388 -0.775962 -0.841122 0.845992 -1 0.225798 -0.264904 1 0.21499 0.26743 0.0518121 -0.357645 -0.384268 0.927685 1 0.387563 0.07871 -1 -0.212378 -0.879889 0.475899 0.470633 0.913502 -0.52419 0.618057 -0.63019 0.751673 0.758576 0.523635 0.639853 0.437486 0.0431714 0.216438 -0.171874 -1 -0.167472 -0.999402 -0.141695 -0.837501 -0.20359 0.0916201 0.98073 -0.400794 1 -0.423043 -0.935675 0.382419 -1 -0.388776 0.719899 -0.97001 -0.92502 -0.643056 0.861586 0.570509 
Best score: 0.999972
0.10258 0.743184 0.0903777 0.66752 0.0374423 0.28188 -0.135564 -1 -0.280161 -0.132644 1 0.469741 0.842715 -0.731496 0.766632 -0.653019 0.971671 -0.840473 -0.0648021 0.0581972 -0.807191 -0.380307 0.0538568 0.0246226 -1 0.532869 0.208636 1 0.0808856 0.862687 0.094323 1 0.392786 -0.363127 -0.834571 0.774868 -1 0.926605 0.134343 -0.127145 -0.0951072 -1 0.0152036 0.13726 -0.397086 -0.167573 0.843363 0.354183 0.850882 0.35569 0.98406 0.413212 -0.260279 1 0.769293 0.171351 -0.419698 -0.117061 1 0.282398 -0.285507 0.318797 0.680916 -0.757263 -0.0663839 -1 0.00517088 0.0947443 -0.0605431 -0.926055 -0.0704751 -1 -0.585579 0.649356 -0.630686 0.700397 -1 -0.280202 0.0936872 0.0274789 0.417386 1 -0.785719 0.731267 